10,23.125,0,-20.146,0,0.2311432,0
20,23.15663,0,-20.17209,0,0.2311295,0
30,23.18826,0,-20.19817,0,0.2311159,0
40,23.21989,0,-20.22426,0,0.2311023,0
50,23.25152,0,-20.25035,0,0.2310888,0
60,23.28315,0,-20.27643,0,0.2310753,0
70,23.31478,0,-20.30252,0,0.2310619,0
80,23.34641,0,-20.32861,0,0.2310484,0
90,23.37804,0,-20.35469,0,0.2310351,0
100,23.40967,0,-20.38078,0,0.2310218,0
110,23.4413,0,-20.40687,0,0.2310086,0
120,23.47293,0,-20.43295,0,0.2309954,0
130,23.50455,0,-20.45904,0,0.2309823,0
140,23.53618,0,-20.48513,0,0.2309692,0
150,23.56781,0,-20.51122,0,0.2309562,0
160,23.59944,0,-20.5373,0,0.2309432,0
170,23.63107,0,-20.56339,0,0.2309303,0
180,23.6627,0,-20.58948,0,0.2309174,0
190,23.69433,0,-20.61556,0,0.2309046,0
200,23.72596,0,-20.64165,0,0.2308918,0
210,23.75759,0,-20.66774,0,0.2308791,0
220,23.78922,0,-20.69382,0,0.2308664,0
230,23.82085,0,-20.71991,0,0.2308538,0
240,23.85248,0,-20.746,0,0.2308412,0
250,23.88411,0,-20.77208,0,0.2308287,0
260,23.91574,0,-20.79817,0,0.2308162,0
270,23.94737,0,-20.82426,0,0.2308037,0
280,23.979,0,-20.85034,0,0.2307914,0
290,24.01063,0,-20.87643,0,0.2307791,0
300,24.04226,0,-20.90252,0,0.2307668,0
310,24.07389,0,-20.9286,0,0.2307545,0
320,24.10552,0,-20.95469,0,0.2307423,0
330,24.13715,0,-20.98078,0,0.2307301,0
340,24.16878,0,-21.00686,0,0.230718,0
350,24.20041,0,-21.03295,0,0.230706,0
360,24.23203,0,-21.05904,0,0.230694,0
370,24.26366,0,-21.08512,0,0.230682,0
380,24.29529,0,-21.11121,0,0.2306701,0
390,24.32692,0,-21.1373,0,0.2306582,0
400,24.35855,0,-21.16339,0,0.2306464,0
410,24.39018,0,-21.18947,0,0.2306346,0
420,24.42181,0,-21.21556,0,0.2306228,0
430,24.45344,0,-21.24165,0,0.2306111,0
440,24.48507,0,-21.26773,0,0.2305995,0
450,24.5167,0,-21.29382,0,0.2305879,0
460,24.54833,0,-21.31991,0,0.2305764,0
470,24.57996,0,-21.34599,0,0.2305648,0
480,24.61159,0,-21.37208,0,0.2305534,0
490,24.64322,0,-21.39817,0,0.230542,0
500,24.67485,0,-21.42425,0,0.2305306,0
510,24.70648,0,-21.45034,0,0.2305192,0
520,24.73811,0,-21.47643,0,0.2305079,0
530,24.76974,0,-21.50251,0,0.2304966,0
540,24.80137,0,-21.5286,0,0.2304855,0
550,24.833,0,-21.55469,0,0.2304743,0
560,24.86463,0,-21.58077,0,0.2304633,0
570,24.89626,0,-21.60686,0,0.2304521,0
580,24.92789,0,-21.63295,0,0.2304411,0
590,24.95951,0,-21.65903,0,0.2304301,0
600,24.99114,0,-21.68512,0,0.2304192,0
610,25.02277,0,-21.71121,0,0.2304083,0
620,25.0544,0,-21.7373,0,0.2303976,0
630,25.08603,0,-21.76338,0,0.2303867,0
640,25.11766,0,-21.78947,0,0.2303759,0
650,25.14929,0,-21.81556,0,0.2303652,0
660,25.18092,0,-21.84164,0,0.2303545,0
670,25.21255,0,-21.86773,0,0.2303439,0
680,25.24418,0,-21.89382,0,0.2303332,0
690,25.27581,0,-21.9199,0,0.2303227,0
700,25.30744,0,-21.94599,0,0.2303122,0
710,25.33907,0,-21.97208,0,0.2303016,0
720,25.3707,0,-21.99816,0,0.2302912,0
730,25.40233,0,-22.02425,0,0.2302808,0
740,25.43396,0,-22.05034,0,0.2302705,0
750,25.46559,0,-22.07642,0,0.2302601,0
760,25.49722,0,-22.10251,0,0.2302498,0
770,25.52885,0,-22.1286,0,0.2302395,0
780,25.56048,0,-22.15468,0,0.2302294,0
790,25.59211,0,-22.18077,0,0.2302192,0
800,25.62374,0,-22.20686,0,0.230209,0
810,25.65536,0,-22.23294,0,0.230199,0
820,25.68699,0,-22.25903,0,0.2301889,0
830,25.71862,0,-22.28512,0,0.2301789,0
840,25.75025,0,-22.3112,0,0.2301689,0
850,25.78188,0,-22.33729,0,0.230159,0
860,25.81351,0,-22.36338,0,0.2301491,0
870,25.84514,0,-22.38947,0,0.2301392,0
880,25.87677,0,-22.41555,0,0.2301294,0
890,25.9084,0,-22.44164,0,0.2301196,0
900,25.94003,0,-22.46773,0,0.2301099,0
910,25.97166,0,-22.49381,0,0.2301001,0
920,26.00329,0,-22.5199,0,0.2300905,0
930,26.03492,0,-22.54599,0,0.2300808,0
940,26.06655,0,-22.57207,0,0.2300712,0
950,26.09818,0,-22.59816,0,0.2300617,0
960,26.12981,0,-22.62425,0,0.2300522,0
970,26.16144,0,-22.65033,0,0.2300427,0
980,26.19307,0,-22.67642,0,0.2300333,0
990,26.2247,0,-22.70251,0,0.2300239,0
1000,26.25633,0,-22.72859,0,0.2300145,0
1010,26.28796,0,-22.75468,0,0.2300052,0
1020,26.31959,0,-22.78077,0,0.2299959,0
1030,26.35122,0,-22.80685,0,0.2299866,0
1040,26.38284,0,-22.83294,0,0.2299774,0
1050,26.41447,0,-22.85903,0,0.2299683,0
1060,26.4461,0,-22.88511,0,0.2299591,0
1070,26.47773,0,-22.9112,0,0.22995,0
1080,26.50936,0,-22.93729,0,0.2299409,0
1090,26.54099,0,-22.96338,0,0.2299318,0
1100,26.57262,0,-22.98946,0,0.2299228,0
1110,26.60425,0,-23.01555,0,0.2299139,0
1120,26.63588,0,-23.04164,0,0.2299049,0
1130,26.66751,0,-23.06772,0,0.229896,0
1140,26.69914,0,-23.09381,0,0.2298871,0
1150,26.73077,0,-23.1199,0,0.2298782,0
1160,26.7624,0,-23.14598,0,0.2298695,0
1170,26.79403,0,-23.17207,0,0.2298607,0
1180,26.82566,0,-23.19816,0,0.2298519,0
1190,26.85729,0,-23.22425,0,0.2298433,0
1200,26.88892,0,-23.25033,0,0.2298346,0
1210,26.92055,0,-23.27642,0,0.2298259,0
1220,26.95218,0,-23.30251,0,0.2298173,0
1230,26.98381,0,-23.3286,0,0.2298087,0
1240,27.01544,0,-23.35468,0,0.2298002,0
1250,27.04707,0,-23.38077,0,0.2297917,0
1260,27.0787,0,-23.40686,0,0.2297832,0
1270,27.11032,0,-23.43295,0,0.2297748,0
1280,27.14195,0,-23.45904,0,0.2297664,0
1290,27.17358,0,-23.48512,0,0.229758,0
1300,27.20521,0,-23.51121,0,0.2297496,0
1310,27.23684,0,-23.5373,0,0.2297414,0
1320,27.26847,0,-23.56339,0,0.2297331,0
1330,27.3001,0,-23.58947,0,0.2297248,0
1340,27.33173,0,-23.61556,0,0.2297166,0
1350,27.36336,0,-23.64165,0,0.2297084,0
1360,27.39499,0,-23.66774,0,0.2297003,0
1370,27.42662,0,-23.69382,0,0.2296922,0
1380,27.45825,0,-23.71991,0,0.2296841,0
1390,27.48988,0,-23.746,0,0.229676,0
1400,27.52151,0,-23.77209,0,0.229668,0
1410,27.55314,0,-23.79818,0,0.22966,0
1420,27.58477,0,-23.82426,0,0.2296521,0
1430,27.6164,0,-23.85035,0,0.2296441,0
1440,27.64803,0,-23.87644,0,0.2296363,0
1450,27.67966,0,-23.90253,0,0.2296284,0
1460,27.71129,0,-23.92862,0,0.2296205,0
1470,27.74292,0,-23.9547,0,0.2296127,0
1480,27.77455,0,-23.98079,0,0.229605,0
1490,27.80618,0,-24.00688,0,0.2295973,0
1500,27.8378,0,-24.03297,0,0.2295896,0
1510,27.86943,0,-24.05905,0,0.2295818,0
1520,27.90106,0,-24.08514,0,0.2295742,0
1530,27.93269,0,-24.11123,0,0.2295666,0
1540,27.96432,0,-24.13732,0,0.229559,0
1550,27.99595,0,-24.1634,0,0.2295514,0
1560,28.02758,0,-24.18949,0,0.2295439,0
1570,28.05921,0,-24.21558,0,0.2295364,0
1580,28.09084,0,-24.24167,0,0.229529,0
1590,28.12247,0,-24.26776,0,0.2295215,0
1600,28.1541,0,-24.29384,0,0.2295141,0
1610,28.18573,0,-24.31993,0,0.2295067,0
1620,28.21736,0,-24.34602,0,0.2294993,0
1630,28.24899,0,-24.37211,0,0.2294919,0
1640,28.28062,0,-24.3982,0,0.2294846,0
1650,28.31225,0,-24.42428,0,0.2294773,0
1660,28.34388,0,-24.45037,0,0.2294701,0
1670,28.37551,0,-24.47646,0,0.2294628,0
1680,28.40714,0,-24.50255,0,0.2294557,0
1690,28.43877,0,-24.52863,0,0.2294485,0
1700,28.4704,0,-24.55472,0,0.2294413,0
1710,28.50203,0,-24.58081,0,0.2294343,0
1720,28.53366,0,-24.6069,0,0.2294272,0
1730,28.56528,0,-24.63298,0,0.2294201,0
1740,28.59691,0,-24.65907,0,0.229413,0
1750,28.62854,0,-24.68516,0,0.229406,0
1760,28.66017,0,-24.71125,0,0.229399,0
1770,28.6918,0,-24.73734,0,0.2293921,0
1780,28.72343,0,-24.76342,0,0.2293852,0
1790,28.75506,0,-24.78951,0,0.2293784,0
1800,28.78669,0,-24.8156,0,0.2293715,0
1810,28.81832,0,-24.84169,0,0.2293646,0
1820,28.84995,0,-24.86777,0,0.2293577,0
1830,28.88158,0,-24.89386,0,0.2293509,0
1840,28.91321,0,-24.91995,0,0.2293441,0
1850,28.94484,0,-24.94604,0,0.2293374,0
1860,28.97647,0,-24.97213,0,0.2293307,0
1870,29.0081,0,-24.99821,0,0.2293239,0
1880,29.03973,0,-25.0243,0,0.2293173,0
1890,29.07136,0,-25.05039,0,0.2293107,0
1900,29.10299,0,-25.07648,0,0.2293041,0
1910,29.13462,0,-25.10257,0,0.2292975,0
1920,29.16625,0,-25.12865,0,0.2292909,0
1930,29.19788,0,-25.15474,0,0.2292844,0
1940,29.22951,0,-25.18083,0,0.2292779,0
1950,29.26114,0,-25.20692,0,0.2292714,0
1960,29.29276,0,-25.233,0,0.229265,0
1970,29.32439,0,-25.25909,0,0.2292585,0
1980,29.35602,0,-25.28518,0,0.2292521,0
1990,29.38765,0,-25.31127,0,0.2292457,0
2000,29.41928,0,-25.33735,0,0.2292393,0
2010,29.45091,0,-25.36344,0,0.229233,0
2020,29.48254,0,-25.38953,0,0.2292266,0
2030,29.51417,0,-25.41562,0,0.2292204,0
2040,29.5458,0,-25.44171,0,0.2292141,0
2050,29.57743,0,-25.46779,0,0.2292079,0
2060,29.60906,0,-25.49388,0,0.2292017,0
2070,29.64069,0,-25.51997,0,0.2291955,0
2080,29.67232,0,-25.54606,0,0.2291894,0
2090,29.70395,0,-25.57214,0,0.2291832,0
2100,29.73558,0,-25.59823,0,0.2291771,0
2110,29.76721,0,-25.62432,0,0.229171,0
2120,29.79884,0,-25.65041,0,0.2291649,0
2130,29.83047,0,-25.67649,0,0.2291589,0
2140,29.8621,0,-25.70258,0,0.2291528,0
2150,29.89373,0,-25.72867,0,0.2291468,0
2160,29.92536,0,-25.75476,0,0.2291408,0
2170,29.95699,0,-25.78085,0,0.2291348,0
2180,29.98862,0,-25.80693,0,0.2291289,0
2190,30.02024,0,-25.83302,0,0.229123,0
2200,30.05187,0,-25.85911,0,0.2291172,0
2210,30.0835,0,-25.8852,0,0.2291113,0
2220,30.11513,0,-25.91129,0,0.2291055,0
2230,30.14676,0,-25.93737,0,0.2290996,0
2240,30.17839,0,-25.96346,0,0.2290939,0
2250,30.21002,0,-25.98955,0,0.2290881,0
2260,30.24165,0,-26.01564,0,0.2290823,0
2270,30.27328,0,-26.04173,0,0.2290766,0
2280,30.30491,0,-26.06781,0,0.2290709,0
2290,30.33654,0,-26.0939,0,0.2290652,0
2300,30.36817,0,-26.11999,0,0.2290595,0
2310,30.3998,0,-26.14608,0,0.2290539,0
2320,30.43143,0,-26.17216,0,0.2290483,0
2330,30.46306,0,-26.19825,0,0.2290427,0
2340,30.49469,0,-26.22434,0,0.2290371,0
2350,30.52632,0,-26.25043,0,0.2290315,0
2360,30.55795,0,-26.27651,0,0.2290259,0
2370,30.58958,0,-26.3026,0,0.2290205,0
2380,30.62121,0,-26.32869,0,0.2290149,0
2390,30.65284,0,-26.35478,0,0.2290095,0
2400,30.68447,0,-26.38087,0,0.229004,0
2410,30.71609,0,-26.40695,0,0.2289986,0
2420,30.74772,0,-26.43304,0,0.2289932,0
2430,30.77935,0,-26.45913,0,0.2289878,0
2440,30.81098,0,-26.48522,0,0.2289825,0
2450,30.84261,0,-26.5113,0,0.2289771,0
2460,30.87424,0,-26.53739,0,0.2289719,0
2470,30.90587,0,-26.56348,0,0.2289665,0
2480,30.9375,0,-26.58957,0,0.2289613,0
2490,30.96913,0,-26.61566,0,0.228956,0
2500,31.00076,0,-26.64174,0,0.2289508,0
2510,31.03239,0,-26.66783,0,0.2289455,0
2520,31.06402,0,-26.69392,0,0.2289403,0
2530,31.09565,0,-26.72001,0,0.2289351,0
2540,31.12,0,-26.74009,0,0.2289351,0
2550,31.15348,0,-26.76376,0,0.2288308,0
2560,31.18695,0,-26.78743,0,0.2287269,0
2570,31.22043,0,-26.8111,0,0.2286234,0
2580,31.25391,0,-26.83477,0,0.2285204,0
2590,31.28739,0,-26.85844,0,0.2284178,0
2600,31.32087,0,-26.88211,0,0.2283155,0
2610,31.35434,0,-26.90578,0,0.2282137,0
2620,31.38782,0,-26.92945,0,0.2281124,0
2630,31.4213,0,-26.95312,0,0.2280114,0
2640,31.45478,0,-26.97679,0,0.2279108,0
2650,31.48825,0,-27.00046,0,0.2278107,0
